Time:September 26 13:54:53 2025
Lamp:0
SLIT:0.000000
Xmax->Xmin: 645.000000 -> 275.000000
Step:0.100000
Filter:21
275.000000 0.093063
275.100000 0.093797
275.200000 0.094665
275.300000 0.095910
275.400000 0.097423
275.500000 0.099447
275.600000 0.101781
275.700000 0.104912
275.800000 0.108540
275.900000 0.112707
276.000000 0.116883
276.100000 0.122908
276.200000 0.129645
276.300000 0.136567
276.400000 0.144181
276.500000 0.153404
276.600000 0.163558
276.700000 0.174742
276.800000 0.186186
276.900000 0.199174
277.000000 0.212839
277.100000 0.227594
277.200000 0.242679
277.300000 0.257888
277.400000 0.272739
277.500000 0.287322
277.600000 0.300737
277.700000 0.313035
277.800000 0.323355
277.900000 0.331943
278.000000 0.337573
278.100000 0.341088
278.200000 0.341405
278.300000 0.338889
278.400000 0.333347
278.500000 0.324559
278.600000 0.313449
278.700000 0.299704
278.800000 0.284967
278.900000 0.268064
279.000000 0.251581
279.100000 0.233830
279.200000 0.216920
279.300000 0.199375
279.400000 0.183031
279.500000 0.167298
279.600000 0.153436
279.700000 0.139555
279.800000 0.128114
279.900000 0.118252
280.000000 0.109570
280.100000 0.100806
280.200000 0.094186
280.300000 0.087783
280.400000 0.082578
280.500000 0.077663
280.600000 0.073673
280.700000 0.070248
280.800000 0.067446
280.900000 0.065038
281.000000 0.062986
281.100000 0.061276
281.200000 0.059841
281.300000 0.058587
281.400000 0.057517
281.500000 0.056754
281.600000 0.056186
281.700000 0.055711
281.800000 0.055512
281.900000 0.055381
282.000000 0.055418
282.100000 0.055528
282.200000 0.055743
282.300000 0.055957
282.400000 0.056334
282.500000 0.056763
282.600000 0.057246
282.700000 0.057772
282.800000 0.058297
282.900000 0.058776
283.000000 0.059261
283.100000 0.059757
283.200000 0.060174
283.300000 0.060630
283.400000 0.061006
283.500000 0.061468
283.600000 0.061858
283.700000 0.062162
283.800000 0.062572
283.900000 0.062913
284.000000 0.063232
284.100000 0.063638
284.200000 0.064105
284.300000 0.064566
284.400000 0.065269
284.500000 0.066070
284.600000 0.067093
284.700000 0.068334
284.800000 0.069881
284.900000 0.071992
285.000000 0.074525
285.100000 0.077693
285.200000 0.081711
285.300000 0.087287
285.400000 0.094525
285.500000 0.103453
285.600000 0.113630
285.700000 0.126804
285.800000 0.142625
285.900000 0.160262
286.000000 0.179510
286.100000 0.201720
286.200000 0.225094
286.300000 0.249981
286.400000 0.275181
286.500000 0.300639
286.600000 0.325040
286.700000 0.348655
286.800000 0.367891
286.900000 0.383800
287.000000 0.394755
287.100000 0.401440
287.200000 0.403747
287.300000 0.402286
287.400000 0.397374
287.500000 0.389674
287.600000 0.380049
287.700000 0.368181
287.800000 0.355574
287.900000 0.341851
288.000000 0.328334
288.100000 0.314998
288.200000 0.302300
288.300000 0.287362
288.400000 0.273980
288.500000 0.260990
288.600000 0.249408
288.700000 0.236231
288.800000 0.223725
288.900000 0.211140
289.000000 0.199731
289.100000 0.187824
289.200000 0.176576
289.300000 0.165273
289.400000 0.154779
289.500000 0.145282
289.600000 0.136856
289.700000 0.128592
289.800000 0.121627
289.900000 0.115346
290.000000 0.109930
290.100000 0.105341
290.200000 0.101664
290.300000 0.098368
290.400000 0.096116
290.500000 0.094397
290.600000 0.093484
290.700000 0.093082
290.800000 0.093274
290.900000 0.093873
291.000000 0.094752
291.100000 0.095929
291.200000 0.097393
291.300000 0.099165
291.400000 0.101020
291.500000 0.103069
291.600000 0.105023
291.700000 0.107355
291.800000 0.109800
291.900000 0.112301
292.000000 0.114623
292.100000 0.117045
292.200000 0.119631
292.300000 0.122074
292.400000 0.124679
292.500000 0.127063
292.600000 0.129424
292.700000 0.131577
292.800000 0.133532
292.900000 0.135502
293.000000 0.137104
293.100000 0.138375
293.200000 0.139225
293.300000 0.139820
293.400000 0.139995
293.500000 0.139876
293.600000 0.139376
293.700000 0.138468
293.800000 0.137312
293.900000 0.135863
294.000000 0.134100
294.100000 0.132114
294.200000 0.129880
294.300000 0.127513
294.400000 0.125010
294.500000 0.122298
294.600000 0.119558
294.700000 0.116688
294.800000 0.113751
294.900000 0.110482
295.000000 0.107283
295.100000 0.103911
295.200000 0.100879
295.300000 0.097699
295.400000 0.094572
295.500000 0.091601
295.600000 0.088872
295.700000 0.086038
295.800000 0.083416
295.900000 0.080792
296.000000 0.078349
296.100000 0.076019
296.200000 0.073778
296.300000 0.071700
296.400000 0.069770
296.500000 0.067737
296.600000 0.065835
296.700000 0.064057
296.800000 0.062621
296.900000 0.061074
297.000000 0.059742
297.100000 0.058438
297.200000 0.057262
297.300000 0.056059
297.400000 0.055057
297.500000 0.054043
297.600000 0.053208
297.700000 0.052367
297.800000 0.051560
297.900000 0.050778
298.000000 0.050109
298.100000 0.049522
298.200000 0.048897
298.300000 0.048366
298.400000 0.047915
298.500000 0.047438
298.600000 0.047075
298.700000 0.046788
298.800000 0.046524
298.900000 0.046244
299.000000 0.046061
299.100000 0.045851
299.200000 0.045723
299.300000 0.045642
299.400000 0.045513
299.500000 0.045390
299.600000 0.045290
299.700000 0.045231
299.800000 0.045184
299.900000 0.045108
300.000000 0.045055
300.100000 0.044983
300.200000 0.044956
300.300000 0.044982
300.400000 0.044894
300.500000 0.044946
300.600000 0.045009
300.700000 0.044946
300.800000 0.044998
300.900000 0.045038
301.000000 0.045049
301.100000 0.045049
301.200000 0.045045
301.300000 0.045041
301.400000 0.045074
301.500000 0.045126
301.600000 0.045152
301.700000 0.045125
301.800000 0.045135
301.900000 0.045111
302.000000 0.045135
302.100000 0.045063
302.200000 0.044992
302.300000 0.044979
302.400000 0.044930
302.500000 0.044885
302.600000 0.044816
302.700000 0.044767
302.800000 0.044647
302.900000 0.044578
303.000000 0.044607
303.100000 0.044546
303.200000 0.044507
303.300000 0.044479
303.400000 0.044345
303.500000 0.044280
303.600000 0.044245
303.700000 0.044263
303.800000 0.044195
303.900000 0.044087
304.000000 0.044074
304.100000 0.043968
304.200000 0.043916
304.300000 0.043869
304.400000 0.043800
304.500000 0.043724
304.600000 0.043640
304.700000 0.043520
304.800000 0.043517
304.900000 0.043467
305.000000 0.043377
305.100000 0.043309
305.200000 0.043245
305.300000 0.043178
305.400000 0.043100
305.500000 0.043116
305.600000 0.043177
305.700000 0.043127
305.800000 0.043086
305.900000 0.043076
306.000000 0.043058
306.100000 0.043078
306.200000 0.043069
306.300000 0.043047
306.400000 0.043023
306.500000 0.043002
306.600000 0.043018
306.700000 0.042974
306.800000 0.043044
306.900000 0.042979
307.000000 0.043000
307.100000 0.042999
307.200000 0.042941
307.300000 0.042882
307.400000 0.042894
307.500000 0.042963
307.600000 0.042924
307.700000 0.042931
307.800000 0.042898
307.900000 0.042931
308.000000 0.042975
308.100000 0.042992
308.200000 0.042943
308.300000 0.042933
308.400000 0.042975
308.500000 0.042971
308.600001 0.043006
308.700001 0.042998
308.800001 0.042962
308.900001 0.042988
309.000001 0.042980
309.100001 0.042908
309.200001 0.042955
309.300001 0.042910
309.400001 0.042897
309.500001 0.042922
309.600001 0.043005
309.700001 0.043015
309.800001 0.042935
309.900001 0.042889
310.000001 0.042923
310.100001 0.042883
310.200001 0.042944
310.300001 0.042927
310.400001 0.042948
310.500001 0.042909
310.600001 0.042843
310.700001 0.042818
310.800001 0.042817
310.900001 0.042789
311.000001 0.042770
311.100001 0.042736
311.200001 0.042757
311.300001 0.042693
311.400001 0.042641
311.500001 0.042547
311.600001 0.042608
311.700001 0.042538
311.800001 0.042511
311.900001 0.042496
312.000001 0.042494
312.100001 0.042477
312.200001 0.042455
312.300001 0.042405
312.400001 0.042406
312.500001 0.042351
312.600001 0.042381
312.700001 0.042301
312.800001 0.042300
312.900001 0.042289
313.000001 0.042256
313.100001 0.042289
313.200001 0.042211
313.300001 0.042217
313.400001 0.042240
313.500001 0.042168
313.600001 0.042134
313.700001 0.042105
313.800001 0.042172
313.900001 0.042122
314.000001 0.042097
314.100001 0.042071
314.200001 0.041938
314.300001 0.041932
314.400001 0.041883
314.500001 0.041970
314.600001 0.041914
314.700001 0.041890
314.800001 0.041919
314.900001 0.041915
315.000001 0.041955
315.100001 0.041874
315.200001 0.041890
315.300001 0.041864
315.400001 0.041844
315.500001 0.041836
315.600001 0.041851
315.700001 0.041834
315.800001 0.041813
315.900001 0.041803
316.000001 0.041794
316.100001 0.041818
316.200001 0.041752
316.300001 0.041777
316.400001 0.041824
316.500001 0.041914
316.600001 0.041961
316.700001 0.041969
316.800001 0.042007
316.900001 0.041962
317.000001 0.042001
317.100001 0.042054
317.200001 0.042062
317.300001 0.042140
317.400001 0.042168
317.500001 0.042281
317.600001 0.042380
317.700001 0.042471
317.800001 0.042512
317.900001 0.042531
318.000001 0.042769
318.100001 0.042869
318.200001 0.043053
318.300001 0.043238
318.400001 0.043400
318.500001 0.043479
318.600001 0.043627
318.700001 0.043835
318.800001 0.044046
318.900001 0.044200
319.000001 0.044326
319.100001 0.044519
319.200001 0.044684
319.300001 0.044919
319.400001 0.045086
319.500001 0.045280
319.600001 0.045413
319.700001 0.045621
319.800001 0.045811
319.900001 0.045946
320.000001 0.046172
320.100001 0.046320
320.200001 0.046498
320.300001 0.046734
320.400001 0.046882
320.500001 0.047071
320.600001 0.047227
320.700001 0.047370
320.800001 0.047420
320.900001 0.047566
321.000001 0.047710
321.100001 0.047891
321.200001 0.048050
321.300001 0.048124
321.400001 0.048254
321.500001 0.048343
321.600001 0.048434
321.700001 0.048468
321.800001 0.048566
321.900001 0.048646
322.000001 0.048660
322.100001 0.048795
322.200001 0.048811
322.300001 0.048883
322.400001 0.048908
322.500001 0.048989
322.600001 0.049105
322.700001 0.049075
322.800001 0.049147
322.900001 0.049234
323.000001 0.049288
323.100001 0.049372
323.200001 0.049445
323.300001 0.049433
323.400001 0.049406
323.500001 0.049365
323.600001 0.049336
323.700001 0.049170
323.800001 0.049023
323.900001 0.048897
324.000001 0.048659
324.100001 0.048455
324.200001 0.048203
324.300001 0.048019
324.400001 0.047744
324.500001 0.047537
324.600001 0.047352
324.700001 0.047079
324.800001 0.046898
324.900001 0.046668
325.000001 0.046407
325.100001 0.046153
325.200001 0.045911
325.300001 0.045841
325.400001 0.045563
325.500001 0.045409
325.600001 0.045218
325.700001 0.045045
325.800001 0.044830
325.900001 0.044672
326.000001 0.044569
326.100001 0.044393
326.200001 0.044244
326.300001 0.044019
326.400001 0.044016
326.500001 0.043834
326.600001 0.043713
326.700001 0.043668
326.800001 0.043455
326.900001 0.043461
327.000001 0.043324
327.100001 0.043230
327.200001 0.043119
327.300001 0.042978
327.400001 0.042917
327.500001 0.042859
327.600001 0.042869
327.700001 0.042875
327.800001 0.042771
327.900001 0.042708
328.000001 0.042765
328.100001 0.042710
328.200001 0.042663
328.300001 0.042709
328.400001 0.042778
328.500001 0.042808
328.600001 0.042920
328.700001 0.043102
328.800001 0.043194
328.900001 0.043254
329.000001 0.043357
329.100001 0.043535
329.200001 0.043721
329.300001 0.043967
329.400001 0.044187
329.500001 0.044465
329.600001 0.044703
329.700001 0.045157
329.800001 0.045605
329.900001 0.046173
330.000001 0.046715
330.100001 0.047363
330.200001 0.048182
330.300001 0.049058
330.400001 0.050179
330.500001 0.051611
330.600001 0.053170
330.700001 0.055015
330.800001 0.057026
330.900001 0.059497
331.000001 0.062219
331.100001 0.065369
331.200001 0.068746
331.300001 0.072806
331.400001 0.077030
331.500001 0.081603
331.600001 0.086486
331.700001 0.091957
331.800001 0.097651
331.900001 0.103734
332.000001 0.109740
332.100001 0.116637
332.200001 0.123395
332.300001 0.130327
332.400001 0.136896
332.500001 0.143972
332.600001 0.150207
332.700001 0.156101
332.800001 0.161286
332.900001 0.166142
333.000001 0.170134
333.100001 0.173396
333.200001 0.175384
333.300001 0.176612
333.400001 0.176632
333.500001 0.175537
333.600001 0.173688
333.700001 0.170701
333.800001 0.167064
333.900001 0.162528
334.000001 0.157774
334.100001 0.151960
334.200001 0.146359
334.300001 0.140443
334.400001 0.134515
334.500001 0.128001
334.600001 0.121733
334.700001 0.115629
334.800001 0.109565
334.900001 0.103302
335.000001 0.098132
335.100001 0.092682
335.200001 0.087832
335.300001 0.083380
335.400001 0.078873
335.500001 0.074741
335.600001 0.071103
335.700001 0.067610
335.800001 0.064602
335.900001 0.061819
336.000001 0.059453
336.100001 0.057176
336.200001 0.055336
336.300001 0.053728
336.400001 0.052407
336.500001 0.051106
336.600001 0.050066
336.700001 0.048911
336.800001 0.048121
336.900001 0.047324
337.000001 0.046688
337.100001 0.045984
337.200001 0.045405
337.300001 0.044989
337.400001 0.044534
337.500001 0.044218
337.600001 0.044018
337.700001 0.043765
337.800001 0.043562
337.900001 0.043427
338.000001 0.043299
338.100001 0.043244
338.200001 0.043183
338.300001 0.043236
338.400001 0.043309
338.500001 0.043384
338.600001 0.043372
338.700001 0.043400
338.800001 0.043553
338.900001 0.043613
339.000001 0.043587
339.100001 0.043940
339.200001 0.043986
339.300001 0.044141
339.400001 0.044230
339.500001 0.044275
339.600001 0.044485
339.700001 0.044653
339.800001 0.044851
339.900001 0.044947
340.000001 0.045114
340.100001 0.045296
340.200001 0.045527
340.300001 0.045736
340.400001 0.045969
340.500001 0.046162
340.600001 0.046438
340.700001 0.046741
340.800001 0.047068
340.900001 0.047412
341.000001 0.047679
341.100001 0.048226
341.200001 0.048654
341.300001 0.049035
341.400001 0.049468
341.500001 0.050110
341.600001 0.050545
341.700001 0.051232
341.800001 0.051793
341.900001 0.052589
342.000001 0.053379
342.100001 0.054360
342.200001 0.055290
342.300001 0.056399
342.400001 0.057612
342.500001 0.058816
342.600001 0.060208
342.700001 0.061793
342.800001 0.063500
342.900001 0.065373
343.000001 0.067464
343.100001 0.069858
343.200001 0.072358
343.300001 0.074987
343.400001 0.078042
343.500001 0.081526
343.600001 0.085097
343.700001 0.088978
343.800001 0.093104
343.900001 0.097471
344.000001 0.101663
344.100001 0.106295
344.200001 0.110873
344.300001 0.115542
344.400001 0.119900
344.500001 0.124564
344.600001 0.128690
344.700001 0.132692
344.800001 0.135948
344.900001 0.139211
345.000001 0.141875
345.100001 0.143914
345.200001 0.145372
345.300001 0.146322
345.400001 0.146679
345.500001 0.146377
345.600001 0.145630
345.700001 0.144287
345.800001 0.142493
345.900001 0.140324
346.000001 0.137879
346.100001 0.134859
346.200001 0.131781
346.300001 0.128525
346.400001 0.125453
346.500001 0.122027
346.600001 0.118881
346.700001 0.115810
346.800001 0.112934
346.900001 0.110059
347.000001 0.107343
347.100001 0.104733
347.200001 0.102358
347.300001 0.099929
347.400001 0.097679
347.500001 0.095429
347.600001 0.093334
347.700001 0.091210
347.800001 0.089267
347.900001 0.087243
348.000001 0.086057
348.100001 0.083238
348.200001 0.081167
348.300001 0.079050
348.400001 0.077037
348.500001 0.074823
348.600001 0.072879
348.700001 0.070773
348.800001 0.068909
348.900001 0.066999
349.000001 0.065346
349.100001 0.063712
349.200001 0.062165
349.300001 0.060669
349.400001 0.059371
349.500001 0.058169
349.600001 0.057056
349.700001 0.056034
349.800001 0.055075
349.900001 0.054237
350.000001 0.053379
350.100001 0.052677
350.200001 0.051964
350.300001 0.051251
350.400001 0.050675
350.500001 0.050074
350.600001 0.049610
350.700001 0.049098
350.800001 0.048765
350.900001 0.048396
351.000001 0.047993
351.100001 0.047772
351.200001 0.047548
351.300001 0.047318
351.400001 0.047095
351.500001 0.046955
351.600001 0.046912
351.700001 0.046817
351.800001 0.046829
351.900001 0.046907
352.000001 0.047066
352.100001 0.047146
352.200001 0.047241
352.300001 0.047479
352.400001 0.047774
352.500001 0.048021
352.600001 0.048337
352.700001 0.048624
352.800001 0.048921
352.900001 0.049314
353.000001 0.049585
353.100001 0.050004
353.200001 0.050329
353.300001 0.050804
353.400001 0.051156
353.500001 0.051554
353.600001 0.051902
353.700001 0.052234
353.800001 0.052550
353.900001 0.052869
354.000001 0.053184
354.100001 0.053395
354.200001 0.053633
354.300001 0.053803
354.400001 0.053900
354.500001 0.054133
354.600001 0.054393
354.700001 0.054602
354.800001 0.054885
354.900001 0.055248
355.000001 0.055513
355.100001 0.055959
355.200001 0.056445
355.300001 0.057092
355.400001 0.057692
355.500001 0.058577
355.600001 0.059545
355.700001 0.060639
355.800001 0.061863
355.900001 0.063274
356.000001 0.064730
356.100001 0.066422
356.200001 0.068426
356.300001 0.070584
356.400001 0.072845
356.500001 0.075507
356.600001 0.078191
356.700001 0.081158
356.800001 0.084306
356.900001 0.087813
357.000001 0.091396
357.100001 0.095429
357.200001 0.099595
357.300001 0.104300
357.400001 0.109212
357.500001 0.114447
357.600001 0.119896
357.700001 0.126595
357.800001 0.133362
357.900001 0.140298
358.000001 0.147382
358.100001 0.155365
358.200001 0.163513
358.300001 0.172288
358.400001 0.180999
358.500001 0.190697
358.600001 0.200120
358.700001 0.210034
358.800001 0.219632
358.900001 0.230010
359.000001 0.239556
359.100001 0.249215
359.200001 0.258356
359.300001 0.268597
359.400001 0.278056
359.500001 0.287723
359.600001 0.297201
359.700001 0.307559
359.800001 0.316926
359.900001 0.326587
360.000001 0.335686
360.100001 0.346064
360.200001 0.355919
360.300001 0.366625
360.400001 0.375815
360.500001 0.385621
360.600001 0.395135
360.700001 0.404947
360.800001 0.413821
360.900001 0.421888
361.000001 0.427915
361.100001 0.432606
361.200001 0.435166
361.300001 0.435786
361.400001 0.434120
361.500001 0.430308
361.600001 0.424690
361.700001 0.416968
361.800001 0.407365
361.900001 0.396396
362.000001 0.385136
362.100001 0.372397
362.200001 0.359903
362.300001 0.346261
362.400001 0.332976
362.500001 0.319206
362.600001 0.307069
362.700001 0.294791
362.800001 0.283864
362.900001 0.272956
363.000001 0.263291
363.100001 0.253614
363.200001 0.244937
363.300001 0.236043
363.400001 0.227799
363.500001 0.219931
363.600001 0.212546
363.700001 0.205052
363.800001 0.198085
363.900001 0.191107
364.000001 0.184625
364.100001 0.177911
364.200001 0.171587
364.300001 0.165024
364.400001 0.158794
364.500001 0.152424
364.600001 0.146486
364.700001 0.140353
364.800001 0.134720
364.900001 0.128802
365.000001 0.123171
365.100001 0.117476
365.200001 0.112283
365.300001 0.106853
365.400001 0.102321
365.500001 0.097109
365.600001 0.092665
365.700001 0.088096
365.800001 0.084068
365.900001 0.080298
366.000001 0.076768
366.100001 0.073243
366.200001 0.070142
366.300001 0.067196
366.400001 0.064646
366.500001 0.062120
366.600001 0.059887
366.700001 0.057670
366.800001 0.055758
366.900001 0.053870
367.000001 0.052305
367.100001 0.050790
367.200001 0.049576
367.300001 0.048263
367.400001 0.047231
367.500001 0.046257
367.600001 0.045378
367.700001 0.044599
367.800001 0.043943
367.900001 0.043285
368.000001 0.042799
368.100001 0.042367
368.200001 0.041976
368.300001 0.041554
368.400001 0.041190
368.500001 0.040899
368.600001 0.040564
368.700001 0.040416
368.800001 0.040219
368.900001 0.040125
369.000001 0.039979
369.100001 0.039807
369.200001 0.039747
369.300001 0.039539
369.400001 0.039432
369.500001 0.039405
369.600001 0.039274
369.700001 0.039231
369.800001 0.039115
369.900001 0.039050
370.000001 0.038998
370.100001 0.039026
370.200001 0.038991
370.300001 0.039028
370.400001 0.038900
370.500001 0.038885
370.600001 0.038843
370.700001 0.038844
370.800001 0.038785
370.900001 0.038709
371.000001 0.038652
371.100001 0.038688
371.200001 0.038590
371.300001 0.038612
371.400001 0.038546
371.500001 0.038430
371.600001 0.038471
371.700001 0.038478
371.800001 0.038470
371.900001 0.038363
372.000001 0.038410
372.100001 0.038377
372.200001 0.038365
372.300001 0.038346
372.400001 0.038307
372.500001 0.038318
372.600001 0.038386
372.700001 0.038352
372.800001 0.038294
372.900001 0.038220
373.000001 0.038220
373.100001 0.038247
373.200001 0.038214
373.300001 0.038216
373.400001 0.038277
373.500001 0.038280
373.600001 0.038256
373.700001 0.038187
373.800001 0.038208
373.900001 0.038167
374.000001 0.038116
374.100001 0.038087
374.200001 0.038144
374.300001 0.038122
374.400001 0.038128
374.500001 0.038195
374.600001 0.038272
374.700001 0.038273
374.800001 0.038229
374.900001 0.038297
375.000001 0.038346
375.100001 0.038364
375.200001 0.038376
375.300001 0.038347
375.400001 0.038286
375.500001 0.038349
375.600001 0.038415
375.700002 0.038502
375.800002 0.038564
375.900002 0.038598
376.000002 0.038587
376.100002 0.038548
376.200002 0.038522
376.300002 0.038614
376.400002 0.038647
376.500002 0.038705
376.600002 0.038740
376.700002 0.038804
376.800002 0.038913
376.900002 0.038970
377.000002 0.038998
377.100002 0.038996
377.200002 0.038965
377.300002 0.039045
377.400002 0.039112
377.500002 0.039246
377.600002 0.039249
377.700002 0.039281
377.800002 0.039308
377.900002 0.039377
378.000002 0.039447
378.100002 0.039585
378.200002 0.039618
378.300002 0.039672
378.400002 0.039797
378.500002 0.039883
378.600002 0.039969
378.700002 0.040016
378.800002 0.040116
378.900002 0.040208
379.000002 0.040326
379.100002 0.040487
379.200002 0.040642
379.300002 0.040739
379.400002 0.040889
379.500002 0.041119
379.600002 0.041321
379.700002 0.041550
379.800002 0.041826
379.900002 0.042220
380.000002 0.042534
380.100002 0.042915
380.200002 0.043445
380.300002 0.044048
380.400002 0.044737
380.500002 0.045508
380.600002 0.046358
380.700002 0.047257
380.800002 0.048162
380.900002 0.049285
381.000002 0.050049
381.100002 0.051860
381.200002 0.053235
381.300002 0.054641
381.400002 0.056040
381.500002 0.057425
381.600002 0.058675
381.700002 0.059969
381.800002 0.061085
381.900002 0.062043
382.000002 0.062928
382.100002 0.063710
382.200002 0.064336
382.300002 0.064857
382.400002 0.065277
382.500002 0.065669
382.600002 0.066049
382.700002 0.066403
382.800002 0.066715
382.900002 0.067090
383.000002 0.067515
383.100002 0.068094
383.200002 0.068675
383.300002 0.069455
383.400002 0.070355
383.500002 0.071541
383.600002 0.072843
383.700002 0.074488
383.800002 0.076276
383.900002 0.078373
384.000002 0.080639
384.100002 0.083286
384.200002 0.086042
384.300002 0.089071
384.400002 0.092171
384.500002 0.095698
384.600002 0.099088
384.700002 0.102560
384.800002 0.105859
384.900002 0.109432
385.000002 0.112735
385.100002 0.115905
385.200002 0.118739
385.300002 0.121390
385.400002 0.123573
385.500002 0.125487
385.600002 0.127029
385.700002 0.128230
385.800002 0.128810
385.900002 0.128886
386.000002 0.128552
386.100002 0.127641
386.200002 0.126257
386.300002 0.124546
386.400002 0.122550
386.500002 0.120308
386.600002 0.117876
386.700002 0.115280
386.800002 0.112695
386.900002 0.110214
387.000002 0.107946
387.100002 0.105781
387.200002 0.103783
387.300002 0.101888
387.400002 0.100227
387.500002 0.098713
387.600002 0.097375
387.700002 0.096156
387.800002 0.095163
387.900002 0.094245
388.000002 0.093499
388.100002 0.092840
388.200002 0.092396
388.300002 0.092051
388.400002 0.091869
388.500002 0.091739
388.600002 0.091674
388.700002 0.091731
388.800002 0.091811
388.900002 0.092017
389.000002 0.092176
389.100002 0.092396
389.200002 0.092603
389.300002 0.092874
389.400002 0.093095
389.500002 0.093305
389.600002 0.093466
389.700002 0.093557
389.800002 0.093648
389.900002 0.093624
390.000002 0.093406
390.100002 0.093115
390.200002 0.092712
390.300002 0.092072
390.400002 0.091371
390.500002 0.090514
390.600002 0.089603
390.700002 0.088524
390.800002 0.087391
390.900002 0.086185
391.000002 0.084921
391.100002 0.083605
391.200002 0.082281
391.300002 0.080977
391.400002 0.079789
391.500002 0.078599
391.600002 0.077514
391.700002 0.076370
391.800002 0.075312
391.900002 0.074365
392.000002 0.073587
392.100002 0.072751
392.200002 0.072068
392.300002 0.071521
392.400002 0.071071
392.500002 0.070663
392.600002 0.070284
392.700002 0.069942
392.800002 0.069713
392.900002 0.069427
393.000002 0.069174
393.100002 0.068956
393.200002 0.068728
393.300002 0.068568
393.400002 0.068415
393.500002 0.068245
393.600002 0.068093
393.700002 0.067792
393.800002 0.067381
393.900002 0.067124
394.000002 0.066852
394.100002 0.066589
394.200002 0.066238
394.300002 0.065924
394.400002 0.065648
394.500002 0.065346
394.600002 0.065020
394.700002 0.064656
394.800002 0.064323
394.900002 0.063926
395.000002 0.063564
395.100002 0.063166
395.200002 0.062818
395.300002 0.062419
395.400002 0.062022
395.500002 0.061596
395.600002 0.061229
395.700002 0.060843
395.800002 0.060464
395.900002 0.060093
396.000002 0.059679
396.100002 0.059243
396.200002 0.058890
396.300002 0.058501
396.400002 0.058199
396.500002 0.057769
396.600002 0.057323
396.700002 0.056948
396.800002 0.056611
396.900002 0.056170
397.000002 0.055783
397.100002 0.055384
397.200002 0.055045
397.300002 0.054676
397.400002 0.054315
397.500002 0.053949
397.600002 0.053632
397.700002 0.053249
397.800002 0.052868
397.900002 0.052507
398.000002 0.052191
398.100002 0.051829
398.200002 0.051438
398.300002 0.051010
398.400002 0.050635
398.500002 0.050231
398.600002 0.049874
398.700002 0.049560
398.800002 0.049194
398.900002 0.048765
399.000002 0.048381
399.100002 0.048022
399.200002 0.047632
399.300002 0.047357
399.400002 0.047089
399.500002 0.046703
399.600002 0.046445
399.700002 0.046123
399.800002 0.045875
399.900002 0.045611
400.000002 0.045346
400.100002 0.045071
400.200002 0.044804
400.300002 0.044629
400.400002 0.044478
400.500002 0.044241
400.600002 0.044056
400.700002 0.043779
400.800002 0.043573
400.900002 0.043398
401.000002 0.043214
401.100002 0.043018
401.200002 0.042838
401.300002 0.042684
401.400002 0.042515
401.500002 0.042346
401.600002 0.042235
401.700002 0.042084
401.800002 0.041986
401.900002 0.041858
402.000002 0.041739
402.100002 0.041611
402.200002 0.041513
402.300002 0.041385
402.400002 0.041288
402.500002 0.041173
402.600002 0.041109
402.700002 0.040981
402.800002 0.040855
402.900002 0.040759
403.000002 0.040724
403.100002 0.040719
403.200002 0.040694
403.300002 0.040623
403.400002 0.040508
403.500002 0.040402
403.600002 0.040352
403.700002 0.040313
403.800002 0.040301
403.900002 0.040261
404.000002 0.040192
404.100002 0.040177
404.200002 0.040157
404.300002 0.040100
404.400002 0.040069
404.500002 0.040027
404.600002 0.040018
404.700002 0.039898
404.800002 0.039848
404.900002 0.039861
405.000002 0.039895
405.100002 0.039908
405.200002 0.039920
405.300002 0.039933
405.400002 0.039926
405.500002 0.039862
405.600002 0.039906
405.700002 0.039961
405.800002 0.040002
405.900002 0.039950
406.000002 0.039971
406.100002 0.039971
406.200002 0.040048
406.300002 0.040084
406.400002 0.040055
406.500002 0.040066
406.600002 0.040124
406.700002 0.040120
406.800002 0.040121
406.900002 0.040212
407.000002 0.040253
407.100002 0.040365
407.200002 0.040450
407.300002 0.040567
407.400002 0.040599
407.500002 0.040671
407.600002 0.040753
407.700002 0.040850
407.800002 0.041029
407.900002 0.041128
408.000002 0.041241
408.100002 0.041398
408.200002 0.041535
408.300002 0.041715
408.400002 0.041826
408.500002 0.041964
408.600002 0.042133
408.700002 0.042328
408.800002 0.042546
408.900002 0.042804
409.000002 0.043030
409.100002 0.043295
409.200002 0.043559
409.300002 0.043829
409.400002 0.044104
409.500002 0.044445
409.600002 0.044810
409.700002 0.045125
409.800002 0.045472
409.900002 0.045868
410.000002 0.046275
410.100002 0.046695
410.200002 0.047020
410.300002 0.047412
410.400002 0.047850
410.500002 0.048427
410.600002 0.049039
410.700002 0.049612
410.800002 0.050277
410.900002 0.050981
411.000002 0.051698
411.100002 0.052622
411.200002 0.053538
411.300002 0.054427
411.400002 0.055338
411.500002 0.056414
411.600002 0.057543
411.700002 0.058753
411.800002 0.059935
411.900002 0.061295
412.000002 0.062639
412.100002 0.064270
412.200002 0.065957
412.300002 0.067762
412.400002 0.069754
412.500002 0.071969
412.600002 0.074202
412.700002 0.076673
412.800002 0.079304
412.900002 0.082345
413.000002 0.085561
413.100002 0.089079
413.200002 0.092878
413.300002 0.097248
413.400002 0.101924
413.500002 0.107217
413.600002 0.112781
413.700002 0.119149
413.800002 0.125459
413.900002 0.132858
414.000002 0.140031
414.100002 0.148235
414.200002 0.158785
414.300002 0.169508
414.400002 0.180045
414.500002 0.191847
414.600002 0.205346
414.700002 0.219401
414.800002 0.233697
414.900002 0.249225
415.000002 0.266052
415.100002 0.283580
415.200002 0.300920
415.300002 0.320083
415.400002 0.338820
415.500002 0.357917
415.600002 0.376270
415.700002 0.395536
415.800002 0.414117
415.900002 0.432535
416.000002 0.448250
416.100002 0.464721
416.200002 0.479466
416.300002 0.492689
416.400002 0.503173
416.500002 0.512576
416.600002 0.519358
416.700002 0.524100
416.800002 0.526311
416.900002 0.526289
417.000002 0.524045
417.100002 0.519717
417.200002 0.514270
417.300002 0.507368
417.400002 0.499579
417.500002 0.490183
417.600002 0.480718
417.700002 0.470256
417.800002 0.459941
417.900002 0.449275
418.000002 0.438884
418.100002 0.427317
418.200002 0.416481
418.300002 0.405792
418.400002 0.396011
418.500002 0.385562
418.600002 0.375718
418.700002 0.365860
418.800002 0.356737
418.900002 0.347407
419.000002 0.338498
419.100002 0.329381
419.200002 0.320404
419.300002 0.310898
419.400002 0.301727
419.500002 0.292334
419.600002 0.283369
419.700002 0.273961
419.800002 0.265083
419.900002 0.256141
420.000002 0.247970
420.100002 0.239741
420.200002 0.232155
420.300002 0.225466
420.400002 0.219526
420.500002 0.213918
420.600002 0.209394
420.700002 0.205423
420.800002 0.202329
420.900002 0.199616
421.000002 0.197452
421.100002 0.195638
421.200002 0.193970
421.300002 0.192227
421.400002 0.190666
421.500002 0.188889
421.600002 0.186808
421.700002 0.184182
421.800002 0.181061
421.900002 0.177336
422.000002 0.173176
422.100002 0.167777
422.200002 0.162062
422.300002 0.155609
422.400002 0.148636
422.500002 0.140631
422.600002 0.133034
422.700002 0.124929
422.800002 0.117212
422.900002 0.108812
423.000002 0.101003
423.100002 0.093275
423.200002 0.086229
423.300002 0.079394
423.400002 0.073391
423.500002 0.067971
423.600002 0.063611
423.700002 0.059914
423.800002 0.056638
423.900002 0.053813
424.000002 0.051585
424.100002 0.049743
424.200002 0.048187
424.300002 0.046879
424.400002 0.045813
424.500002 0.044884
424.600002 0.044108
424.700002 0.043410
424.800002 0.042843
424.900002 0.042354
425.000002 0.041875
425.100002 0.041460
425.200002 0.041098
425.300002 0.040815
425.400002 0.040510
425.500002 0.040273
425.600002 0.040049
425.700002 0.039826
425.800002 0.039631
425.900002 0.039406
426.000002 0.039289
426.100002 0.039111
426.200002 0.039010
426.300002 0.038908
426.400002 0.038765
426.500002 0.038689
426.600002 0.038602
426.700002 0.038524
426.800002 0.038423
426.900002 0.038324
427.000002 0.038284
427.100002 0.038183
427.200002 0.038120
427.300002 0.038047
427.400002 0.038032
427.500002 0.037990
427.600002 0.037946
427.700002 0.037937
427.800002 0.037878
427.900002 0.037883
428.000002 0.037843
428.100002 0.037821
428.200002 0.037778
428.300002 0.037821
428.400002 0.037822
428.500002 0.037771
428.600002 0.037782
428.700002 0.037778
428.800002 0.037820
428.900002 0.037815
429.000002 0.037896
429.100002 0.037891
429.200002 0.037885
429.300002 0.037950
429.400002 0.038020
429.500002 0.038054
429.600002 0.038040
429.700002 0.038075
429.800002 0.038134
429.900002 0.038190
430.000002 0.038208
430.100002 0.038253
430.200002 0.038334
430.300002 0.038427
430.400002 0.038441
430.500002 0.038551
430.600002 0.038664
430.700002 0.038802
430.800002 0.038863
430.900002 0.038986
431.000002 0.039119
431.100002 0.039232
431.200002 0.039328
431.300002 0.039472
431.400002 0.039654
431.500002 0.039797
431.600002 0.039926
431.700002 0.040064
431.800002 0.040207
431.900002 0.040310
432.000002 0.040405
432.100002 0.040644
432.200002 0.040828
432.300002 0.040955
432.400002 0.041091
432.500002 0.041177
432.600002 0.041289
432.700002 0.041427
432.800002 0.041600
432.900002 0.041784
433.000002 0.041940
433.100002 0.042035
433.200002 0.042187
433.300002 0.042357
433.400002 0.042472
433.500002 0.042553
433.600002 0.042673
433.700002 0.042771
433.800002 0.042854
433.900002 0.043083
434.000002 0.043202
434.100002 0.043273
434.200002 0.043397
434.300002 0.043558
434.400002 0.043684
434.500002 0.043778
434.600002 0.043862
434.700002 0.043996
434.800002 0.044124
434.900002 0.044249
435.000002 0.044293
435.100002 0.044366
435.200002 0.044449
435.300002 0.044601
435.400002 0.044653
435.500002 0.044745
435.600002 0.044800
435.700002 0.044901
435.800002 0.045016
435.900002 0.045056
436.000002 0.045188
436.100002 0.045301
436.200002 0.045376
436.300002 0.045567
436.400002 0.045665
436.500002 0.045810
436.600002 0.045930
436.700002 0.046004
436.800002 0.046067
436.900002 0.046149
437.000002 0.046195
437.100002 0.046310
437.200002 0.046452
437.300002 0.046584
437.400002 0.046734
437.500002 0.046829
437.600002 0.046971
437.700002 0.047142
437.800002 0.047307
437.900002 0.047415
438.000002 0.047570
438.100002 0.047704
438.200002 0.047864
438.300002 0.048113
438.400002 0.048316
438.500002 0.048493
438.600002 0.048698
438.700002 0.048940
438.800002 0.049170
438.900002 0.049430
439.000002 0.049679
439.100002 0.049974
439.200002 0.050176
439.300002 0.050563
439.400002 0.050864
439.500002 0.051193
439.600002 0.051525
439.700002 0.051911
439.800002 0.052297
439.900002 0.052698
440.000002 0.053072
440.100002 0.053524
440.200002 0.054005
440.300002 0.054481
440.400002 0.054961
440.500002 0.055528
440.600002 0.056021
440.700002 0.056603
440.800002 0.057173
440.900002 0.057824
441.000002 0.058447
441.100002 0.059188
441.200002 0.059904
441.300002 0.060757
441.400002 0.061596
441.500002 0.062462
441.600002 0.063381
441.700002 0.064382
441.800002 0.065426
441.900002 0.066629
442.000002 0.067825
442.100002 0.069155
442.200002 0.070486
442.300002 0.071795
442.400002 0.073022
442.500002 0.074795
442.600002 0.076343
442.700002 0.078104
442.800003 0.079844
442.900003 0.081856
443.000003 0.083970
443.100003 0.086146
443.200003 0.088377
443.300003 0.090885
443.400003 0.093345
443.500003 0.096007
443.600003 0.098628
443.700003 0.101554
443.800003 0.104419
443.900003 0.107565
444.000003 0.110584
444.100003 0.113947
444.200003 0.117166
444.300003 0.120549
444.400003 0.123940
444.500003 0.127660
444.600003 0.131189
444.700003 0.135079
444.800003 0.138739
444.900003 0.142901
445.000003 0.147091
445.100003 0.151579
445.200003 0.156101
445.300003 0.161018
445.400003 0.165705
445.500003 0.170750
445.600003 0.175581
445.700003 0.181248
445.800003 0.186751
445.900003 0.192823
446.000003 0.199003
446.100003 0.205621
446.200003 0.212265
446.300003 0.219683
446.400003 0.226833
446.500003 0.234908
446.600003 0.242914
446.700003 0.252067
446.800003 0.260259
446.900003 0.269270
447.000003 0.278515
447.100003 0.288026
447.200003 0.296938
447.300003 0.306861
447.400003 0.316586
447.500003 0.326877
447.600003 0.336012
447.700003 0.346406
447.800003 0.357274
447.900003 0.368399
448.000003 0.378691
448.100003 0.389958
448.200003 0.401690
448.300003 0.413844
448.400003 0.426117
448.500003 0.439902
448.600003 0.453563
448.700003 0.468446
448.800003 0.483504
448.900003 0.500355
449.000003 0.518000
449.100003 0.536555
449.200003 0.555109
449.300003 0.575693
449.400003 0.595438
449.500003 0.616888
449.600003 0.637576
449.700003 0.659125
449.800003 0.681543
449.900003 0.703026
450.000003 0.717147
450.100003 0.750310
450.200003 0.768249
450.300003 0.785532
450.400003 0.800367
450.500003 0.813780
450.600003 0.824396
450.700003 0.835124
450.800003 0.844090
450.900003 0.851223
451.000003 0.856514
451.100003 0.860827
451.200003 0.863842
451.300003 0.865612
451.400003 0.866181
451.500003 0.865615
451.600003 0.863926
451.700003 0.860828
451.800003 0.856548
451.900003 0.851304
452.000003 0.844889
452.100003 0.837028
452.200003 0.828156
452.300003 0.817847
452.400003 0.806307
452.500003 0.793380
452.600003 0.779855
452.700003 0.764642
452.800003 0.749552
452.900003 0.732845
453.000003 0.721777
453.100003 0.697776
453.200003 0.681864
453.300003 0.664629
453.400003 0.647451
453.500003 0.630070
453.600003 0.613863
453.700003 0.597500
453.800003 0.582032
453.900003 0.567181
454.000003 0.552973
454.100003 0.538579
454.200003 0.525015
454.300003 0.511227
454.400003 0.499032
454.500003 0.487059
454.600003 0.475131
454.700003 0.463483
454.800003 0.452443
454.900003 0.441011
455.000003 0.429530
455.100003 0.417678
455.200003 0.406316
455.300003 0.393657
455.400003 0.381121
455.500003 0.368052
455.600003 0.354928
455.700003 0.340437
455.800003 0.328343
455.900003 0.315674
456.000003 0.303959
456.100003 0.291784
456.200003 0.279932
456.300003 0.268735
456.400003 0.258569
456.500003 0.248460
456.600003 0.239664
456.700003 0.231229
456.800003 0.223446
456.900003 0.215526
457.000003 0.208241
457.100003 0.201369
457.200003 0.194944
457.300003 0.188310
457.400003 0.181830
457.500003 0.175218
457.600003 0.169055
457.700003 0.162590
457.800003 0.156467
457.900003 0.150327
458.000003 0.144511
458.100003 0.138527
458.200003 0.132960
458.300003 0.127216
458.400003 0.122025
458.500003 0.116696
458.600003 0.111832
458.700003 0.107027
458.800003 0.102662
458.900003 0.098334
459.000003 0.094459
459.100003 0.090744
459.200003 0.087602
459.300003 0.084470
459.400003 0.081711
459.500003 0.079069
459.600003 0.076769
459.700003 0.074631
459.800003 0.072844
459.900003 0.071060
460.000003 0.069544
460.100003 0.067986
460.200003 0.066711
460.300003 0.065307
460.400003 0.064019
460.500003 0.062700
460.600003 0.061572
460.700003 0.060485
460.800003 0.059452
460.900003 0.058444
461.000003 0.057583
461.100003 0.056739
461.200003 0.055974
461.300003 0.055257
461.400003 0.054588
461.500003 0.053995
461.600003 0.053493
461.700003 0.053047
461.800003 0.052622
461.900003 0.052301
462.000003 0.051996
462.100003 0.051751
462.200003 0.051516
462.300003 0.051329
462.400003 0.051195
462.500003 0.051096
462.600003 0.051010
462.700003 0.051049
462.800003 0.051086
462.900003 0.051125
463.000003 0.051199
463.100003 0.051298
463.200003 0.051428
463.300003 0.051650
463.400003 0.051888
463.500003 0.052156
463.600003 0.052447
463.700003 0.052781
463.800003 0.053156
463.900003 0.053678
464.000003 0.054219
464.100003 0.054816
464.200003 0.055406
464.300003 0.056162
464.400003 0.056994
464.500003 0.057864
464.600003 0.058776
464.700003 0.059742
464.800003 0.060816
464.900003 0.062158
465.000003 0.063518
465.100003 0.065026
465.200003 0.066422
465.300003 0.068033
465.400003 0.069692
465.500003 0.071632
465.600003 0.073585
465.700003 0.075970
465.800003 0.078420
465.900003 0.080998
466.000003 0.083693
466.100003 0.086676
466.200003 0.089743
466.300003 0.093232
466.400003 0.096801
466.500003 0.100825
466.600003 0.104860
466.700003 0.109081
466.800003 0.113749
466.900003 0.119092
467.000003 0.124803
467.100003 0.130328
467.200003 0.135827
467.300003 0.141859
467.400003 0.147440
467.500003 0.152955
467.600003 0.157953
467.700003 0.162609
467.800003 0.166363
467.900003 0.169660
468.000003 0.171989
468.100003 0.173549
468.200003 0.173867
468.300003 0.173138
468.400003 0.171426
468.500003 0.168599
468.600003 0.165069
468.700003 0.160758
468.800003 0.156330
468.900003 0.151339
469.000003 0.146532
469.100003 0.141768
469.200003 0.137590
469.300003 0.133479
469.400003 0.129986
469.500003 0.126729
469.600003 0.124096
469.700003 0.121737
469.800003 0.120031
469.900003 0.118617
470.000003 0.117695
470.100003 0.117197
470.200003 0.117144
470.300003 0.117511
470.400003 0.118219
470.500003 0.119378
470.600003 0.120811
470.700003 0.122623
470.800003 0.124568
470.900003 0.127062
471.000003 0.129745
471.100003 0.132663
471.200003 0.135732
471.300003 0.139306
471.400003 0.143023
471.500003 0.147067
471.600003 0.150948
471.700003 0.155270
471.800003 0.159328
471.900003 0.163413
472.000003 0.165813
472.100003 0.171744
472.200003 0.175764
472.300003 0.179422
472.400003 0.182749
472.500003 0.186125
472.600003 0.188900
472.700003 0.191690
472.800003 0.194268
472.900003 0.197007
473.000003 0.199180
473.100003 0.201052
473.200003 0.202490
473.300003 0.203684
473.400003 0.204481
473.500003 0.204907
473.600003 0.204898
473.700003 0.204579
473.800003 0.203939
473.900003 0.203007
474.000003 0.201702
474.100003 0.200105
474.200003 0.198276
474.300003 0.196167
474.400003 0.193863
474.500003 0.191177
474.600003 0.188338
474.700003 0.185265
474.800003 0.182180
474.900003 0.178915
475.000003 0.175812
475.100003 0.172325
475.200003 0.168798
475.300003 0.165274
475.400003 0.161943
475.500003 0.158387
475.600003 0.155111
475.700003 0.151657
475.800003 0.148408
475.900003 0.145184
476.000003 0.142138
476.100003 0.138982
476.200003 0.135948
476.300003 0.133087
476.400003 0.130414
476.500003 0.127886
476.600003 0.125532
476.700003 0.123282
476.800003 0.121251
476.900003 0.119298
477.000003 0.117600
477.100003 0.115919
477.200003 0.114516
477.300003 0.113109
477.400003 0.111859
477.500003 0.110870
477.600003 0.110095
477.700003 0.109396
477.800003 0.108896
477.900003 0.108479
478.000003 0.108228
478.100003 0.108103
478.200003 0.108145
478.300003 0.108371
478.400003 0.108701
478.500003 0.109134
478.600003 0.109744
478.700003 0.110534
478.800003 0.111410
478.900003 0.112394
479.000003 0.113503
479.100003 0.114743
479.200003 0.116132
479.300003 0.117650
479.400003 0.119028
479.500003 0.120429
479.600003 0.121774
479.700003 0.123076
479.800003 0.124233
479.900003 0.125304
480.000003 0.126126
480.100003 0.126772
480.200003 0.127145
480.300003 0.127288
480.400003 0.127144
480.500003 0.126737
480.600003 0.126072
480.700003 0.125287
480.800003 0.124512
480.900003 0.123691
481.000003 0.123011
481.100003 0.122547
481.200003 0.122459
481.300003 0.122838
481.400003 0.123771
481.500003 0.125324
481.600003 0.127383
481.700003 0.130304
481.800003 0.133775
481.900003 0.137919
482.000003 0.142476
482.100003 0.147905
482.200003 0.153653
482.300003 0.159951
482.400003 0.166465
482.500003 0.173220
482.600003 0.179770
482.700003 0.186613
482.800003 0.193293
482.900003 0.200369
483.000003 0.207183
483.100003 0.214057
483.200003 0.220662
483.300003 0.228041
483.400003 0.235041
483.500003 0.242330
483.600003 0.249292
483.700003 0.257153
483.800003 0.264415
483.900003 0.272334
484.000003 0.280098
484.100003 0.288594
484.200003 0.296784
484.300003 0.305562
484.400003 0.313815
484.500003 0.323048
484.600003 0.331017
484.700003 0.338948
484.800003 0.346400
484.900003 0.354817
485.000003 0.360907
485.100003 0.366167
485.200003 0.370107
485.300003 0.373287
485.400003 0.374650
485.500003 0.374328
485.600003 0.372121
485.700003 0.367789
485.800003 0.361758
485.900003 0.354182
486.000003 0.345758
486.100003 0.336269
486.200003 0.326294
486.300003 0.315999
486.400003 0.305681
486.500003 0.294832
486.600003 0.284625
486.700003 0.274416
486.800003 0.264589
486.900003 0.254889
487.000003 0.246111
487.100003 0.237919
487.200003 0.230869
487.300003 0.222465
487.400003 0.215124
487.500003 0.208622
487.600003 0.202863
487.700003 0.196584
487.800003 0.190872
487.900003 0.185399
488.000003 0.180566
488.100003 0.175747
488.200003 0.171131
488.300003 0.166646
488.400003 0.162479
488.500003 0.158313
488.600003 0.154655
488.700003 0.151127
488.800003 0.147863
488.900003 0.144639
489.000003 0.141720
489.100003 0.139048
489.200003 0.136518
489.300003 0.133878
489.400003 0.131552
489.500003 0.129357
489.600003 0.127268
489.700003 0.125278
489.800003 0.123540
489.900003 0.121831
490.000003 0.120350
490.100003 0.118899
490.200003 0.117663
490.300003 0.116410
490.400003 0.115255
490.500003 0.114123
490.600003 0.112959
490.700003 0.111799
490.800003 0.110591
490.900003 0.109182
491.000003 0.107762
491.100003 0.106323
491.200003 0.104692
491.300003 0.102619
491.400003 0.100295
491.500003 0.097933
491.600003 0.095315
491.700003 0.092529
491.800003 0.089674
491.900003 0.086668
492.000003 0.083681
492.100003 0.080373
492.200003 0.077262
492.300003 0.074142
492.400003 0.071079
492.500003 0.067906
492.600003 0.065000
492.700003 0.062190
492.800003 0.059607
492.900003 0.057076
493.000003 0.054844
493.100003 0.052657
493.200003 0.050786
493.300003 0.049014
493.400003 0.047589
493.500003 0.046274
493.600003 0.045103
493.700003 0.044042
493.800003 0.043140
493.900003 0.042306
494.000003 0.041635
494.100003 0.040982
494.200003 0.040458
494.300003 0.039931
494.400003 0.039502
494.500003 0.039102
494.600003 0.038732
494.700003 0.038432
494.800003 0.038174
494.900003 0.037957
495.000003 0.037740
495.100003 0.037455
495.200003 0.037261
495.300003 0.037087
495.400003 0.036943
495.500003 0.036789
495.600003 0.036687
495.700003 0.036596
495.800003 0.036469
495.900003 0.036347
496.000003 0.036193
496.100003 0.036107
496.200003 0.035999
496.300003 0.035926
496.400003 0.035857
496.500003 0.035794
496.600003 0.035720
496.700003 0.035649
496.800003 0.035605
496.900003 0.035515
497.000003 0.035461
497.100003 0.035397
497.200003 0.035300
497.300003 0.035238
497.400003 0.035245
497.500003 0.035201
497.600003 0.035201
497.700003 0.035158
497.800003 0.035104
497.900003 0.035071
498.000003 0.035031
498.100003 0.034999
498.200003 0.034945
498.300003 0.034890
498.400003 0.034855
498.500003 0.034821
498.600003 0.034798
498.700003 0.034831
498.800003 0.034825
498.900003 0.034805
499.000003 0.034760
499.100003 0.034758
499.200003 0.034714
499.300003 0.034667
499.400003 0.034665
499.500003 0.034688
499.600003 0.034698
499.700003 0.034668
499.800003 0.034651
499.900003 0.034613
500.000003 0.034609
500.100003 0.034592
500.200003 0.034603
500.300003 0.034532
500.400003 0.034529
500.500003 0.034504
500.600003 0.034491
500.700003 0.034470
500.800003 0.034410
500.900003 0.034386
501.000003 0.034397
501.100003 0.034441
501.200003 0.034445
501.300003 0.034471
501.400003 0.034481
501.500003 0.034511
501.600003 0.034493
501.700003 0.034401
501.800003 0.034364
501.900003 0.034385
502.000003 0.034379
502.100003 0.034378
502.200003 0.034353
502.300003 0.034362
502.400003 0.034385
502.500003 0.034353
502.600003 0.034384
502.700003 0.034353
502.800003 0.034342
502.900003 0.034369
503.000003 0.034326
503.100003 0.034307
503.200003 0.034288
503.300003 0.034328
503.400003 0.034307
503.500003 0.034316
503.600003 0.034336
503.700003 0.034333
503.800003 0.034321
503.900003 0.034324
504.000003 0.034292
504.100003 0.034248
504.200003 0.034248
504.300003 0.034244
504.400003 0.034205
504.500003 0.034180
504.600003 0.034214
504.700003 0.034246
504.800003 0.034263
504.900003 0.034267
505.000003 0.034266
505.100003 0.034224
505.200003 0.034278
505.300003 0.034263
505.400003 0.034223
505.500003 0.034211
505.600003 0.034242
505.700003 0.034273
505.800003 0.034292
505.900003 0.034275
506.000003 0.034300
506.100003 0.034295
506.200003 0.034269
506.300003 0.034263
506.400003 0.034315
506.500003 0.034348
506.600003 0.034376
506.700003 0.034346
506.800003 0.034333
506.900003 0.034304
507.000003 0.034249
507.100003 0.034263
507.200003 0.034305
507.300003 0.034295
507.400003 0.034315
507.500003 0.034353
507.600003 0.034335
507.700003 0.034296
507.800003 0.034305
507.900003 0.034307
508.000003 0.034286
508.100003 0.034298
508.200003 0.034351
508.300003 0.034367
508.400003 0.034373
508.500003 0.034349
508.600003 0.034340
508.700003 0.034343
508.800003 0.034335
508.900003 0.034365
509.000003 0.034411
509.100003 0.034438
509.200003 0.034466
509.300003 0.034523
509.400003 0.034547
509.500003 0.034542
509.600003 0.034552
509.700003 0.034568
509.800003 0.034569
509.900004 0.034573
510.000004 0.034559
510.100004 0.034552
510.200004 0.034533
510.300004 0.034543
510.400004 0.034579
510.500004 0.034601
510.600004 0.034641
510.700004 0.034706
510.800004 0.034732
510.900004 0.034721
511.000004 0.034680
511.100004 0.034680
511.200004 0.034708
511.300004 0.034727
511.400004 0.034728
511.500004 0.034789
511.600004 0.034816
511.700004 0.034836
511.800004 0.034898
511.900004 0.034918
512.000004 0.034958
512.100004 0.034981
512.200004 0.034948
512.300004 0.035002
512.400004 0.035051
512.500004 0.035044
512.600004 0.035009
512.700004 0.035019
512.800004 0.035052
512.900004 0.035120
513.000004 0.035143
513.100004 0.035177
513.200004 0.035238
513.300004 0.035291
513.400004 0.035300
513.500004 0.035347
513.600004 0.035370
513.700004 0.035396
513.800004 0.035409
513.900004 0.035430
514.000004 0.035446
514.100004 0.035466
514.200004 0.035525
514.300004 0.035552
514.400004 0.035645
514.500004 0.035683
514.600004 0.035729
514.700004 0.035794
514.800004 0.035779
514.900004 0.035790
515.000004 0.035780
515.100004 0.035800
515.200004 0.035794
515.300004 0.035841
515.400004 0.035854
515.500004 0.035882
515.600004 0.035936
515.700004 0.035929
515.800004 0.035945
515.900004 0.036013
516.000004 0.036042
516.100004 0.036112
516.200004 0.036116
516.300004 0.036162
516.400004 0.036230
516.500004 0.036256
516.600004 0.036286
516.700004 0.036360
516.800004 0.036415
516.900004 0.036470
517.000004 0.036488
517.100004 0.036506
517.200004 0.036559
517.300004 0.036618
517.400004 0.036653
517.500004 0.036700
517.600004 0.036702
517.700004 0.036774
517.800004 0.036808
517.900004 0.036858
518.000004 0.036866
518.100004 0.036916
518.200004 0.037006
518.300004 0.037029
518.400004 0.037056
518.500004 0.037081
518.600004 0.037111
518.700004 0.037134
518.800004 0.037176
518.900004 0.037197
519.000004 0.037246
519.100004 0.037337
519.200004 0.037385
519.300004 0.037463
519.400004 0.037526
519.500004 0.037549
519.600004 0.037584
519.700004 0.037585
519.800004 0.037621
519.900004 0.037644
520.000004 0.037712
520.100004 0.037754
520.200004 0.037790
520.300004 0.037831
520.400004 0.037864
520.500004 0.037921
520.600004 0.037960
520.700004 0.038037
520.800004 0.038067
520.900004 0.038115
521.000004 0.038116
521.100004 0.038204
521.200004 0.038273
521.300004 0.038321
521.400004 0.038306
521.500004 0.038360
521.600004 0.038444
521.700004 0.038467
521.800004 0.038536
521.900004 0.038592
522.000004 0.038692
522.100004 0.038802
522.200004 0.038877
522.300004 0.038936
522.400004 0.038978
522.500004 0.039051
522.600004 0.039145
522.700004 0.039209
522.800004 0.039251
522.900004 0.039387
523.000004 0.039503
523.100004 0.039590
523.200004 0.039657
523.300004 0.039780
523.400004 0.039905
523.500004 0.040024
523.600004 0.040163
523.700004 0.040277
523.800004 0.040430
523.900004 0.040621
524.000004 0.040737
524.100004 0.040889
524.200004 0.041111
524.300004 0.041318
524.400004 0.041501
524.500004 0.041708
524.600004 0.041925
524.700004 0.042163
524.800004 0.042390
524.900004 0.042572
525.000004 0.042801
525.100004 0.043008
525.200004 0.043207
525.300004 0.043464
525.400004 0.043685
525.500004 0.043960
525.600004 0.044256
525.700004 0.044562
525.800004 0.044829
525.900004 0.045081
526.000004 0.045389
526.100004 0.045702
526.200004 0.046014
526.300004 0.046406
526.400004 0.046751
526.500004 0.047068
526.600004 0.047394
526.700004 0.047746
526.800004 0.048150
526.900004 0.048605
527.000004 0.049063
527.100004 0.049478
527.200004 0.049848
527.300004 0.050334
527.400004 0.050807
527.500004 0.051239
527.600004 0.051681
527.700004 0.052166
527.800004 0.052584
527.900004 0.053110
528.000004 0.053647
528.100004 0.054192
528.200004 0.054798
528.300004 0.055363
528.400004 0.055894
528.500004 0.056505
528.600004 0.057161
528.700004 0.057813
528.800004 0.058441
528.900004 0.059165
529.000004 0.059855
529.100004 0.060591
529.200004 0.061334
529.300004 0.062207
529.400004 0.063075
529.500004 0.063978
529.600004 0.064869
529.700004 0.065878
529.800004 0.066840
529.900004 0.067863
530.000004 0.068942
530.100004 0.070178
530.200004 0.071447
530.300004 0.072837
530.400004 0.074265
530.500004 0.075799
530.600004 0.077388
530.700004 0.079036
530.800004 0.080661
530.900004 0.082550
531.000004 0.084450
531.100004 0.086527
531.200004 0.088671
531.300004 0.091088
531.400004 0.093594
531.500004 0.096392
531.600004 0.099097
531.700004 0.102210
531.800004 0.105419
531.900004 0.108760
532.000004 0.111165
532.100004 0.116748
532.200004 0.121010
532.300004 0.125590
532.400004 0.130291
532.500004 0.135784
532.600004 0.141285
532.700004 0.147113
532.800004 0.153261
532.900004 0.160171
533.000004 0.167186
533.100004 0.174870
533.200004 0.182945
533.300004 0.192555
533.400004 0.202960
533.500004 0.213624
533.600004 0.224657
533.700004 0.237635
533.800004 0.251221
533.900004 0.266136
534.000004 0.280982
534.100004 0.298334
534.200004 0.315569
534.300004 0.334591
534.400004 0.354720
534.500004 0.377803
534.600004 0.398455
534.700004 0.422871
534.800004 0.446139
534.900004 0.473508
535.000004 0.500908
535.100004 0.529254
535.200004 0.557468
535.300004 0.590247
535.400004 0.623852
535.500004 0.658707
535.600004 0.691899
535.700004 0.730422
535.800004 0.766799
535.900004 0.807347
536.000004 0.842234
536.100004 0.877752
536.200004 0.908006
536.300004 0.934907
536.400004 0.957053
536.500004 0.975001
536.600004 0.987397
536.700004 0.994797
536.800004 0.997728
536.900004 0.996592
537.000004 0.991693
537.100004 0.984075
537.200004 0.974488
537.300004 0.963058
537.400004 0.949489
537.500004 0.934964
537.600004 0.921715
537.700004 0.906746
537.800004 0.892148
537.900004 0.876642
538.000004 0.861706
538.100004 0.846035
538.200004 0.830961
538.300004 0.815674
538.400004 0.800908
538.500004 0.786407
538.600004 0.772481
538.700004 0.758252
538.800004 0.745100
538.900004 0.731714
539.000004 0.719333
539.100004 0.707005
539.200004 0.695434
539.300004 0.683824
539.400004 0.673170
539.500004 0.662555
539.600004 0.652515
539.700004 0.642662
539.800004 0.633407
539.900004 0.624947
540.000004 0.616816
540.100004 0.607108
540.200004 0.598876
540.300004 0.590768
540.400004 0.582952
540.500004 0.574516
540.600004 0.566496
540.700004 0.558415
540.800004 0.550113
540.900004 0.541434
541.000004 0.533116
541.100004 0.525015
541.200004 0.517111
541.300004 0.508515
541.400004 0.500311
541.500004 0.491860
541.600004 0.483825
541.700004 0.475268
541.800004 0.467394
541.900004 0.459782
542.000004 0.452777
542.100004 0.445734
542.200004 0.439346
542.300004 0.433559
542.400004 0.428665
542.500004 0.424039
542.600004 0.420418
542.700004 0.417456
542.800004 0.414933
542.900004 0.412322
543.000004 0.410123
543.100004 0.407990
543.200004 0.405824
543.300004 0.403230
543.400004 0.400312
543.500004 0.396554
543.600004 0.392169
543.700004 0.386674
543.800004 0.380405
543.900004 0.372993
544.000004 0.364949
544.100004 0.355757
544.200004 0.346276
544.300004 0.335994
544.400004 0.325941
544.500004 0.314711
544.600004 0.303795
544.700004 0.292855
544.800004 0.282934
544.900004 0.272400
545.000004 0.262884
545.100004 0.253924
545.200004 0.245790
545.300004 0.237368
545.400004 0.229811
545.500004 0.222642
545.600004 0.216323
545.700004 0.209920
545.800004 0.204289
545.900004 0.198948
546.000004 0.194072
546.100004 0.189097
546.200004 0.184785
546.300004 0.180327
546.400004 0.176359
546.500004 0.172217
546.600004 0.168497
546.700004 0.164749
546.800004 0.161312
546.900004 0.157760
547.000004 0.154654
547.100004 0.151416
547.200004 0.148674
547.300004 0.145685
547.400004 0.142920
547.500004 0.140384
547.600004 0.138273
547.700004 0.136088
547.800004 0.134137
547.900004 0.132253
548.000004 0.130612
548.100004 0.128949
548.200004 0.127513
548.300004 0.126140
548.400004 0.124944
548.500004 0.123713
548.600004 0.122532
548.700004 0.121400
548.800004 0.120185
548.900004 0.118811
549.000004 0.117418
549.100004 0.115871
549.200004 0.114133
549.300004 0.112116
549.400004 0.110048
549.500004 0.107754
549.600004 0.105174
549.700004 0.102309
549.800004 0.099512
549.900004 0.096536
550.000004 0.093564
550.100004 0.090236
550.200004 0.087080
550.300004 0.083945
550.400004 0.080886
550.500004 0.077910
550.600004 0.075153
550.700004 0.072321
550.800004 0.069742
550.900004 0.067287
551.000004 0.064898
551.100004 0.062658
551.200004 0.060618
551.300004 0.058696
551.400004 0.056957
551.500004 0.055354
551.600004 0.053912
551.700004 0.052487
551.800004 0.051177
551.900004 0.050075
552.000004 0.049097
552.100004 0.048231
552.200004 0.047245
552.300004 0.046326
552.400004 0.045588
552.500004 0.044910
552.600004 0.044255
552.700004 0.043647
552.800004 0.043087
552.900004 0.042555
553.000004 0.042112
553.100004 0.041682
553.200004 0.041311
553.300004 0.040868
553.400004 0.040488
553.500004 0.040095
553.600004 0.039831
553.700004 0.039533
553.800004 0.039269
553.900004 0.039010
554.000004 0.038742
554.100004 0.038493
554.200004 0.038215
554.300004 0.038013
554.400004 0.037835
554.500004 0.037638
554.600004 0.037447
554.700004 0.037272
554.800004 0.037101
554.900004 0.036942
555.000004 0.036777
555.100004 0.036638
555.200004 0.036535
555.300004 0.036378
555.400004 0.036323
555.500004 0.036204
555.600004 0.036047
555.700004 0.035920
555.800004 0.035799
555.900004 0.035685
556.000004 0.035668
556.100004 0.035542
556.200004 0.035433
556.300004 0.035336
556.400004 0.035271
556.500004 0.035160
556.600004 0.035093
556.700004 0.035010
556.800004 0.034968
556.900004 0.034967
557.000004 0.034937
557.100004 0.034829
557.200004 0.034810
557.300004 0.034792
557.400004 0.034712
557.500004 0.034626
557.600004 0.034634
557.700004 0.034629
557.800004 0.034564
557.900004 0.034532
558.000004 0.034490
558.100004 0.034439
558.200004 0.034421
558.300004 0.034392
558.400004 0.034384
558.500004 0.034360
558.600004 0.034313
558.700004 0.034315
558.800004 0.034276
558.900004 0.034216
559.000004 0.034165
559.100004 0.034142
559.200004 0.034148
559.300004 0.034144
559.400004 0.034156
559.500004 0.034185
559.600004 0.034210
559.700004 0.034184
559.800004 0.034143
559.900004 0.034101
560.000004 0.034096
560.100004 0.034081
560.200004 0.034098
560.300004 0.034088
560.400004 0.034036
560.500004 0.033986
560.600004 0.033993
560.700004 0.034021
560.800004 0.034023
560.900004 0.034025
561.000004 0.033984
561.100004 0.033978
561.200004 0.033980
561.300004 0.033951
561.400004 0.033930
561.500004 0.033929
561.600004 0.033953
561.700004 0.033920
561.800004 0.033886
561.900004 0.033874
562.000004 0.033858
562.100004 0.033833
562.200004 0.033823
562.300004 0.033856
562.400004 0.033850
562.500004 0.033824
562.600004 0.033794
562.700004 0.033825
562.800004 0.033843
562.900004 0.033856
563.000004 0.033838
563.100004 0.033808
563.200004 0.033753
563.300004 0.033727
563.400004 0.033742
563.500004 0.033752
563.600004 0.033795
563.700004 0.033774
563.800004 0.033703
563.900004 0.033658
564.000004 0.033648
564.100004 0.033646
564.200004 0.033687
564.300004 0.033676
564.400004 0.033607
564.500004 0.033647
564.600004 0.033627
564.700004 0.033656
564.800004 0.033713
564.900004 0.033717
565.000004 0.033670
565.100004 0.033684
565.200004 0.033641
565.300004 0.033667
565.400004 0.033662
565.500004 0.033681
565.600004 0.033694
565.700004 0.033696
565.800004 0.033698
565.900004 0.033748
566.000004 0.033783
566.100004 0.033765
566.200004 0.033758
566.300004 0.033758
566.400004 0.033756
566.500004 0.033722
566.600004 0.033689
566.700004 0.033730
566.800004 0.033709
566.900004 0.033712
567.000004 0.033661
567.100004 0.033668
567.200004 0.033609
567.300004 0.033644
567.400004 0.033692
567.500004 0.033690
567.600004 0.033661
567.700004 0.033622
567.800004 0.033624
567.900004 0.033628
568.000004 0.033595
568.100004 0.033581
568.200004 0.033554
568.300004 0.033577
568.400004 0.033580
568.500004 0.033586
568.600004 0.033539
568.700004 0.033576
568.800004 0.033561
568.900004 0.033568
569.000004 0.033606
569.100004 0.033588
569.200004 0.033598
569.300004 0.033593
569.400004 0.033599
569.500004 0.033601
569.600004 0.033604
569.700004 0.033623
569.800004 0.033599
569.900004 0.033575
570.000004 0.033568
570.100004 0.033565
570.200004 0.033589
570.300004 0.033583
570.400004 0.033546
570.500004 0.033549
570.600004 0.033587
570.700004 0.033565
570.800004 0.033572
570.900004 0.033604
571.000004 0.033602
571.100004 0.033583
571.200004 0.033582
571.300004 0.033548
571.400004 0.033557
571.500004 0.033580
571.600004 0.033563
571.700004 0.033559
571.800004 0.033594
571.900004 0.033609
572.000004 0.033621
572.100004 0.033613
572.200004 0.033607
572.300004 0.033646
572.400004 0.033623
572.500004 0.033598
572.600004 0.033587
572.700004 0.033614
572.800004 0.033583
572.900004 0.033577
573.000004 0.033580
573.100004 0.033589
573.200004 0.033606
573.300004 0.033601
573.400004 0.033617
573.500004 0.033597
573.600004 0.033597
573.700004 0.033622
573.800004 0.033614
573.900004 0.033605
574.000004 0.033621
574.100004 0.033612
574.200004 0.033580
574.300004 0.033595
574.400004 0.033599
574.500004 0.033624
574.600004 0.033629
574.700004 0.033689
574.800004 0.033711
574.900004 0.033685
575.000004 0.033683
575.100004 0.033700
575.200004 0.033702
575.300004 0.033671
575.400004 0.033697
575.500004 0.033679
575.600004 0.033663
575.700004 0.033622
575.800004 0.033580
575.900004 0.033620
576.000004 0.033663
576.100004 0.033667
576.200004 0.033671
576.300004 0.033678
576.400004 0.033691
576.500004 0.033672
576.600004 0.033637
576.700004 0.033639
576.800004 0.033641
576.900004 0.033686
577.000005 0.033642
577.100005 0.033600
577.200005 0.033609
577.300005 0.033643
577.400005 0.033650
577.500005 0.033626
577.600005 0.033667
577.700005 0.033673
577.800005 0.033638
577.900005 0.033609
578.000005 0.033632
578.100005 0.033634
578.200005 0.033627
578.300005 0.033625
578.400005 0.033642
578.500005 0.033658
578.600005 0.033644
578.700005 0.033695
578.800005 0.033699
578.900005 0.033748
579.000005 0.033778
579.100005 0.033747
579.200005 0.033737
579.300005 0.033758
579.400005 0.033756
579.500005 0.033785
579.600005 0.033774
579.700005 0.033753
579.800005 0.033737
579.900005 0.033709
580.000005 0.033747
580.100005 0.033744
580.200005 0.033769
580.300005 0.033735
580.400005 0.033703
580.500005 0.033689
580.600005 0.033738
580.700005 0.033707
580.800005 0.033706
580.900005 0.033723
581.000005 0.033746
581.100005 0.033754
581.200005 0.033697
581.300005 0.033688
581.400005 0.033708
581.500005 0.033719
581.600005 0.033693
581.700005 0.033666
581.800005 0.033692
581.900005 0.033691
582.000005 0.033711
582.100005 0.033711
582.200005 0.033718
582.300005 0.033711
582.400005 0.033726
582.500005 0.033730
582.600005 0.033702
582.700005 0.033725
582.800005 0.033705
582.900005 0.033731
583.000005 0.033750
583.100005 0.033739
583.200005 0.033779
583.300005 0.033823
583.400005 0.033845
583.500005 0.033834
583.600005 0.033802
583.700005 0.033792
583.800005 0.033811
583.900005 0.033791
584.000005 0.033796
584.100005 0.033831
584.200005 0.033813
584.300005 0.033802
584.400005 0.033760
584.500005 0.033770
584.600005 0.033795
584.700005 0.033801
584.800005 0.033826
584.900005 0.033787
585.000005 0.033793
585.100005 0.033756
585.200005 0.033781
585.300005 0.033788
585.400005 0.033768
585.500005 0.033769
585.600005 0.033780
585.700005 0.033759
585.800005 0.033733
585.900005 0.033714
586.000005 0.033730
586.100005 0.033747
586.200005 0.033777
586.300005 0.033797
586.400005 0.033804
586.500005 0.033817
586.600005 0.033818
586.700005 0.033815
586.800005 0.033791
586.900005 0.033771
587.000005 0.033774
587.100005 0.033769
587.200005 0.033783
587.300005 0.033809
587.400005 0.033796
587.500005 0.033833
587.600005 0.033843
587.700005 0.033853
587.800005 0.033866
587.900005 0.033869
588.000005 0.033871
588.100005 0.033908
588.200005 0.033903
588.300005 0.033867
588.400005 0.033813
588.500005 0.033807
588.600005 0.033854
588.700005 0.033850
588.800005 0.033900
588.900005 0.033882
589.000005 0.033894
589.100005 0.033912
589.200005 0.033925
589.300005 0.033933
589.400005 0.033931
589.500005 0.033870
589.600005 0.033838
589.700005 0.033780
589.800005 0.033784
589.900005 0.033796
590.000005 0.033763
590.100005 0.034179
590.200005 0.034185
590.300005 0.034115
590.400005 0.034084
590.500005 0.034047
590.600005 0.034020
590.700005 0.034013
590.800005 0.034087
590.900005 0.034141
591.000005 0.034186
591.100005 0.034198
591.200005 0.034223
591.300005 0.034257
591.400005 0.034231
591.500005 0.034185
591.600005 0.034183
591.700005 0.034207
591.800005 0.034232
591.900005 0.034242
592.000005 0.034197
592.100005 0.034176
592.200005 0.034188
592.300005 0.034230
592.400005 0.034210
592.500005 0.034267
592.600005 0.034270
592.700005 0.034342
592.800005 0.034340
592.900005 0.034309
593.000005 0.034261
593.100005 0.034255
593.200005 0.034204
593.300005 0.034243
593.400005 0.034272
593.500005 0.034261
593.600005 0.034269
593.700005 0.034250
593.800005 0.034261
593.900005 0.034320
594.000005 0.034314
594.100005 0.034298
594.200005 0.034313
594.300005 0.034333
594.400005 0.034341
594.500005 0.034367
594.600005 0.034361
594.700005 0.034330
594.800005 0.034289
594.900005 0.034246
595.000005 0.034270
595.100005 0.034282
595.200005 0.034313
595.300005 0.034364
595.400005 0.034355
595.500005 0.034356
595.600005 0.034373
595.700005 0.034342
595.800005 0.034342
595.900005 0.034397
596.000005 0.034417
596.100005 0.034430
596.200005 0.034409
596.300005 0.034378
596.400005 0.034376
596.500005 0.034433
596.600005 0.034456
596.700005 0.034469
596.800005 0.034468
596.900005 0.034436
597.000005 0.034439
597.100005 0.034473
597.200005 0.034465
597.300005 0.034496
597.400005 0.034510
597.500005 0.034492
597.600005 0.034493
597.700005 0.034484
597.800005 0.034479
597.900005 0.034550
598.000005 0.034570
598.100005 0.034600
598.200005 0.034530
598.300005 0.034487
598.400005 0.034541
598.500005 0.034603
598.600005 0.034568
598.700005 0.034586
598.800005 0.034623
598.900005 0.034661
599.000005 0.034691
599.100005 0.034668
599.200005 0.034663
599.300005 0.034665
599.400005 0.034668
599.500005 0.034704
599.600005 0.034680
599.700005 0.034644
599.800005 0.034689
599.900005 0.034690
600.000005 0.034706
600.100005 0.034731
600.200005 0.034729
600.300005 0.034759
600.400005 0.034739
600.500005 0.034727
600.600005 0.034775
600.700005 0.034810
600.800005 0.034815
600.900005 0.034865
601.000005 0.034879
601.100005 0.034814
601.200005 0.034833
601.300005 0.034885
601.400005 0.034909
601.500005 0.034950
601.600005 0.034948
601.700005 0.034907
601.800005 0.034913
601.900005 0.034911
602.000005 0.034867
602.100005 0.034921
602.200005 0.034925
602.300005 0.034911
602.400005 0.034954
602.500005 0.034978
602.600005 0.035004
602.700005 0.035035
602.800005 0.035029
602.900005 0.035006
603.000005 0.034996
603.100005 0.034996
603.200005 0.035006
603.300005 0.034968
603.400005 0.034999
603.500005 0.035061
603.600005 0.035027
603.700005 0.035011
603.800005 0.035007
603.900005 0.034997
604.000005 0.034991
604.100005 0.035021
604.200005 0.035040
604.300005 0.035052
604.400005 0.035050
604.500005 0.035030
604.600005 0.035062
604.700005 0.035068
604.800005 0.035056
604.900005 0.035106
605.000005 0.035172
605.100005 0.035141
605.200005 0.035117
605.300005 0.035082
605.400005 0.035024
605.500005 0.035057
605.600005 0.035091
605.700005 0.035120
605.800005 0.035165
605.900005 0.035221
606.000005 0.035228
606.100005 0.035228
606.200005 0.035245
606.300005 0.035280
606.400005 0.035310
606.500005 0.035385
606.600005 0.035406
606.700005 0.035419
606.800005 0.035448
606.900005 0.035489
607.000005 0.035471
607.100005 0.035465
607.200005 0.035455
607.300005 0.035428
607.400005 0.035428
607.500005 0.035474
607.600005 0.035526
607.700005 0.035532
607.800005 0.035527
607.900005 0.035541
608.000005 0.035556
608.100005 0.035547
608.200005 0.035547
608.300005 0.035557
608.400005 0.035564
608.500005 0.035568
608.600005 0.035565
608.700005 0.035551
608.800005 0.035574
608.900005 0.035566
609.000005 0.035616
609.100005 0.035643
609.200005 0.035617
609.300005 0.035592
609.400005 0.035607
609.500005 0.035603
609.600005 0.035642
609.700005 0.035714
609.800005 0.035741
609.900005 0.035753
610.000005 0.035749
610.100005 0.035801
610.200005 0.035847
610.300005 0.035890
610.400005 0.035904
610.500005 0.035936
610.600005 0.035990
610.700005 0.036025
610.800005 0.036029
610.900005 0.036066
611.000005 0.036094
611.100005 0.036087
611.200005 0.036119
611.300005 0.036140
611.400005 0.036144
611.500005 0.036145
611.600005 0.036177
611.700005 0.036199
611.800005 0.036285
611.900005 0.036306
612.000005 0.036324
612.100005 0.036342
612.200005 0.036366
612.300005 0.036342
612.400005 0.036323
612.500005 0.036352
612.600005 0.036408
612.700005 0.036432
612.800005 0.036459
612.900005 0.036457
613.000005 0.036471
613.100005 0.036546
613.200005 0.036550
613.300005 0.036505
613.400005 0.036516
613.500005 0.036564
613.600005 0.036556
613.700005 0.036572
613.800005 0.036604
613.900005 0.036586
614.000005 0.036584
614.100005 0.036585
614.200005 0.036595
614.300005 0.036595
614.400005 0.036577
614.500005 0.036598
614.600005 0.036625
614.700005 0.036636
614.800005 0.036697
614.900005 0.036745
615.000005 0.036772
615.100005 0.036809
615.200005 0.036822
615.300005 0.036826
615.400005 0.036806
615.500005 0.036763
615.600005 0.036793
615.700005 0.036823
615.800005 0.036847
615.900005 0.036908
616.000005 0.036976
616.100005 0.036950
616.200005 0.036850
616.300005 0.036847
616.400005 0.036961
616.500005 0.036969
616.600005 0.037033
616.700005 0.037039
616.800005 0.037024
616.900005 0.037109
617.000005 0.037213
617.100005 0.037226
617.200005 0.037218
617.300005 0.037199
617.400005 0.037235
617.500005 0.037245
617.600005 0.037240
617.700005 0.037240
617.800005 0.037264
617.900005 0.037290
618.000005 0.037268
618.100005 0.037261
618.200005 0.037254
618.300005 0.037274
618.400005 0.037276
618.500005 0.037304
618.600005 0.037362
618.700005 0.037367
618.800005 0.037410
618.900005 0.037426
619.000005 0.037479
619.100005 0.037490
619.200005 0.037509
619.300005 0.037520
619.400005 0.037501
619.500005 0.037524
619.600005 0.037560
619.700005 0.037619
619.800005 0.037656
619.900005 0.037693
620.000005 0.037714
620.100005 0.037755
620.200005 0.037770
620.300005 0.037810
620.400005 0.037846
620.500005 0.037893
620.600005 0.037964
620.700005 0.038014
620.800005 0.038108
620.900005 0.038161
621.000005 0.038156
621.100005 0.038195
621.200005 0.038262
621.300005 0.038260
621.400005 0.038262
621.500005 0.038309
621.600005 0.038386
621.700005 0.038467
621.800005 0.038530
621.900005 0.038562
622.000005 0.038630
622.100005 0.038643
622.200005 0.038660
622.300005 0.038700
622.400005 0.038764
622.500005 0.038807
622.600005 0.038906
622.700005 0.038965
622.800005 0.039013
622.900005 0.039084
623.000005 0.039156
623.100005 0.039242
623.200005 0.039359
623.300005 0.039431
623.400005 0.039521
623.500005 0.039626
623.600005 0.039771
623.700005 0.039843
623.800005 0.039966
623.900005 0.040125
624.000005 0.040239
624.100005 0.040298
624.200005 0.040361
624.300005 0.040484
624.400005 0.040580
624.500005 0.040693
624.600005 0.040846
624.700005 0.040999
624.800005 0.041134
624.900005 0.041259
625.000005 0.041375
625.100005 0.041540
625.200005 0.041680
625.300005 0.041814
625.400005 0.041964
625.500005 0.042149
625.600005 0.042330
625.700005 0.042517
625.800005 0.042665
625.900005 0.042838
626.000005 0.042976
626.100005 0.043169
626.200005 0.043342
626.300005 0.043530
626.400005 0.043717
626.500005 0.043866
626.600005 0.044054
626.700005 0.044221
626.800005 0.044428
626.900005 0.044699
627.000005 0.044917
627.100005 0.045140
627.200005 0.045351
627.300005 0.045581
627.400005 0.045770
627.500005 0.045943
627.600005 0.046165
627.700005 0.046424
627.800005 0.046642
627.900005 0.046903
628.000005 0.047121
628.100005 0.047347
628.200005 0.047572
628.300005 0.047813
628.400005 0.048147
628.500005 0.048486
628.600005 0.048730
628.700005 0.048975
628.800005 0.049268
628.900005 0.049597
629.000005 0.049886
629.100005 0.050196
629.200005 0.050494
629.300005 0.050889
629.400005 0.051244
629.500005 0.051637
629.600005 0.051980
629.700005 0.052364
629.800005 0.052757
629.900005 0.053186
630.000005 0.053569
630.100005 0.054043
630.200005 0.054524
630.300005 0.054965
630.400005 0.055381
630.500005 0.055845
630.600005 0.056368
630.700005 0.056980
630.800005 0.057587
630.900005 0.058142
631.000005 0.058717
631.100005 0.059380
631.200005 0.060046
631.300005 0.060692
631.400005 0.061280
631.500005 0.061968
631.600005 0.062646
631.700005 0.063440
631.800005 0.064202
631.900005 0.064890
632.000005 0.065601
632.100005 0.066429
632.200005 0.067180
632.300005 0.068055
632.400005 0.068849
632.500005 0.069780
632.600005 0.070704
632.700005 0.071623
632.800005 0.072469
632.900005 0.073469
633.000005 0.074511
633.100005 0.075461
633.200005 0.076498
633.300005 0.077625
633.400005 0.078815
633.500005 0.080066
633.600005 0.081282
633.700005 0.082627
633.800005 0.083962
633.900005 0.085425
634.000005 0.086805
634.100005 0.088353
634.200005 0.089893
634.300005 0.091403
634.400005 0.093092
634.500005 0.094937
634.600005 0.096760
634.700005 0.098749
634.800005 0.100847
634.900005 0.103368
635.000005 0.105523
635.100005 0.108002
635.200005 0.110319
635.300005 0.113279
635.400005 0.116230
635.500005 0.119188
635.600005 0.122483
635.700005 0.126257
635.800005 0.130217
635.900005 0.134483
636.000005 0.139092
636.100005 0.144242
636.200005 0.149090
636.300005 0.154791
636.400005 0.160834
636.500005 0.167656
636.600005 0.174518
636.700005 0.181836
636.800005 0.189616
636.900005 0.198034
637.000005 0.206753
637.100005 0.216299
637.200005 0.226304
637.300005 0.236654
637.400005 0.246377
637.500005 0.259558
637.600005 0.271580
637.700005 0.284268
637.800005 0.297312
637.900005 0.312062
638.000005 0.326027
638.100005 0.340935
638.200005 0.356102
638.300005 0.371766
638.400005 0.387870
638.500005 0.405650
638.600005 0.421570
638.700005 0.439490
638.800005 0.456716
638.900005 0.474693
639.000005 0.492274
639.100005 0.509254
639.200005 0.526450
639.300005 0.543486
639.400005 0.559773
639.500005 0.575963
639.600005 0.591575
639.700005 0.607186
639.800005 0.621161
639.900005 0.634251
640.000005 0.646157
640.100005 0.658119
640.200005 0.668223
640.300005 0.676526
640.400005 0.684379
640.500005 0.690362
640.600005 0.695143
640.700005 0.698929
640.800005 0.701231
640.900005 0.702670
641.000005 0.702796
641.100005 0.701919
641.200005 0.700068
641.300005 0.697437
641.400005 0.694319
641.500005 0.690535
641.600005 0.686124
641.700005 0.680782
641.800005 0.675486
641.900005 0.669822
642.000005 0.664130
642.100005 0.658056
642.200005 0.652873
642.300005 0.647243
642.400005 0.641723
642.500005 0.635710
642.600005 0.629997
642.700005 0.624048
642.800005 0.617927
642.900005 0.610802
643.000005 0.604139
643.100005 0.597052
643.200005 0.589669
643.300005 0.581612
643.400005 0.574195
643.500005 0.565273
643.600005 0.556476
643.700005 0.546722
643.800005 0.537113
643.900005 0.527423
644.000005 0.517671
644.100006 0.507188
644.200006 0.497338
644.300006 0.487092
644.400006 0.477016
644.500006 0.466269
644.600006 0.456948
644.700006 0.447112
644.800006 0.438097
644.900006 0.429040
645.000006 0.423251
[Extended]
SampleName=Sample-1
Operator=
Memo=
